function dxdt = sensitivity_tca_26(t,x)
	dxdt = [
        0.825*x(1)^(-0.0380)*x(6)^(-0.0204)*x(7)^(0.106)*x(10)^(0.114)*x(13)^(0.700)*x(18)^(0.807)*x(28)^(0.108)*x(31)^(0.0848)*x(46)^(0.599)*x(48)^(-0.181) - 1.34*x(1)*x(30)^(0.915)*x(33)^(0.0847);
        1.34*x(1)^(0.915)*x(7)^(0.0848)*x(23)^(0.0848)*x(30)^(0.915) - 17.1*x(2)^(0.706)*x(3)^(0.0716)*x(22)^(0.0848)*x(24)^(0.915)*x(47)^(-0.0341);
        0.324*x(3)^(-0.405)*x(5)^(0.156)*x(21)^(0.427)*x(35)^(0.573)*x(46)^(0.422)*x(47)^(0.405)*x(48)^(-0.418) - 9.31*x(2)^(0.376)*x(3)^(0.489)*x(24)^(0.554)*x(41)^(0.446)*x(47)^(-0.0206);
        x(9)*x(25) - 0.152*x(4)^(0.958)*x(26)*x(46)^(0.0348)*x(48)^(-0.862);
        1.87*x(7)^(0.0274)*x(8)^(0.465)*x(13)^(0.336)*x(19)^(0.535)*x(20)^(0.465) - 0.0192*x(3)^(-0.717)*x(5)^(0.413)*x(6)^(0.306)*x(8)^(-0.290)*x(10)^(-0.0883)*x(21)^(0.756)*x(29)^(0.244)*x(46)^(0.746)*x(47)^(0.718)*x(48)^(-0.741);
        2.45*x(1)^(-0.00921)*x(6)^(-0.0154)*x(7)^(0.0162)*x(10)^(0.0860)*x(11)^(0.276)*x(28)^(0.0813)*x(32)^(0.276)*x(39)^(0.643) - 1.14*x(5)^(0.0963)*x(6)^(1.01)*x(8)^(-0.204)*x(10)^(-0.0620)*x(14)^(0.0518)*x(27)^(0.277)*x(29)^(0.171)*x(45)^(0.500)*x(46)^(0.0222)*x(48)^(-0.0191);
        2.12*x(1)^(0.129)*x(2)^(0.129)*x(22)^(0.129)*x(33)^(0.129)*x(34)^(0.741) - 3.50*x(1)^(-0.0187)*x(6)^(-0.0311)*x(7)^(0.868)*x(10)^(0.174)*x(23)^(0.129)*x(28)^(0.165)*x(31)^(0.129)*x(40)^(0.577);
        0.574*x(5)^(0.111)*x(6)^(0.247)*x(8)^(-0.234)*x(10)^(-0.0713)*x(29)^(0.197)*x(38)^(0.803) - 1.94*x(8)*x(20)^(0.375)*x(44)^(0.625);
        16.2*x(2)^(0.679)*x(3)^(0.0782)*x(24)*x(47)^(-0.0372) - x(9)*x(25);
        0.156*x(4)^(0.724)*x(5)^(0.106)*x(6)^(0.259)*x(8)^(-0.223)*x(10)^(-0.0679)*x(14)^(0.0568)*x(26)^(0.756)*x(29)^(0.188)*x(46)^(0.0506)*x(48)^(-0.672) - 0.805*x(1)^(-0.0101)*x(6)^(-0.0168)*x(7)^(0.0177)*x(10)^(0.990)*x(11)^(-0.879)*x(15)^(0.911)*x(28)^(0.0891)*x(46)^(0.882)*x(47)^(0.879)*x(48)^(-0.881);
        2.01*x(6)^(0.166)*x(10)^(0.491)*x(11)^(-0.481)*x(15)^(0.499)*x(27)^(0.166)*x(36)^(0.335)*x(46)^(0.483)*x(47)^(0.481)*x(48)^(-0.483) - 2.44*x(11)^(0.495)*x(12)^(-0.00542)*x(16)^(0.574)*x(32)^(0.166)*x(42)^(0.261);
        1.27*x(11)^(0.106)*x(12)^(-0.00836)*x(16)^(0.885)*x(37)^(0.115) - 9.19*x(12)^(1.89)*x(13)^(-1.24)*x(17)^(0.911)*x(43)^(0.0893);
        8.21*x(12)^(1.98)*x(13)^(-1.36)*x(17) - 0.942*x(1)^(-0.0197)*x(7)^(0.0196)*x(13)^(0.775)*x(18)^(0.618)*x(19)^(0.382)*x(46)^(0.458)*x(48)^(-0.139);
        0.0;
        0.0;
        0.0;
        0.0;
        0.0;
        0.0;
        0.0;
        0.0;
        0.0;
        0.0;
        0.0;
        0.0;
        0.0;
        0.0;
        0.0;
        0.0;
        0.0;
        0.0;
        0.0;
        0.0;
        0.0;
        0.0;
        0.0;
        0.0;
        0.0;
        0.0;
        0.0;
        0.0;
        0.0;
        0.0;
        0.0;
        0.0;
        0.0;
        0.0;
        0.0;
	(231*x(7)^(53/500)*x(10)^(57/500)*x(18)^(807/1000)*x(28)^(27/250)*x(31)^(53/625)*x(46)^(599/1000)*x(61))/(400*x(1)^(19/500)*x(6)^(51/2500)*x(13)^(3/10)*x(48)^(181/1000)) - x(49)*((67*x(30)^(183/200)*x(33)^(847/10000))/50 + (627*x(7)^(53/500)*x(10)^(57/500)*x(13)^(7/10)*x(18)^(807/1000)*x(28)^(27/250)*x(31)^(53/625)*x(46)^(599/1000))/(20000*x(1)^(519/500)*x(6)^(51/2500)*x(48)^(181/1000))) + (1881*x(7)^(53/500)*x(13)^(7/10)*x(18)^(807/1000)*x(28)^(27/250)*x(31)^(53/625)*x(46)^(599/1000)*x(58))/(20000*x(1)^(19/500)*x(6)^(51/2500)*x(10)^(443/500)*x(48)^(181/1000)) + (1749*x(10)^(57/500)*x(13)^(7/10)*x(18)^(807/1000)*x(28)^(27/250)*x(31)^(53/625)*x(46)^(599/1000)*x(55))/(20000*x(1)^(19/500)*x(6)^(51/2500)*x(7)^(447/500)*x(48)^(181/1000)) - (1683*x(7)^(53/500)*x(10)^(57/500)*x(13)^(7/10)*x(18)^(807/1000)*x(28)^(27/250)*x(31)^(53/625)*x(46)^(599/1000)*x(54))/(100000*x(1)^(19/500)*x(6)^(2551/2500)*x(48)^(181/1000));
	(12261*x(7)^(53/625)*x(23)^(53/625)*x(30)^(183/200)*x(49))/(10000*x(1)^(17/200)) + (3551*x(1)^(183/200)*x(23)^(53/625)*x(30)^(183/200)*x(55))/(31250*x(7)^(572/625)) - (60363*x(3)^(179/2500)*x(22)^(53/625)*x(24)^(183/200)*x(50))/(5000*x(2)^(147/500)*x(47)^(341/10000)) - (30609*x(2)^(353/500)*x(22)^(53/625)*x(24)^(183/200)*x(51))/(25000*x(3)^(2321/2500)*x(47)^(341/10000));
	(3159*x(21)^(427/1000)*x(35)^(573/1000)*x(46)^(211/500)*x(47)^(81/200)*x(53))/(62500*x(3)^(81/200)*x(5)^(211/250)*x(48)^(209/500)) - (43757*x(3)^(489/1000)*x(24)^(277/500)*x(41)^(223/500)*x(50))/(12500*x(2)^(78/125)*x(47)^(103/5000)) - x(51)*((455259*x(2)^(47/125)*x(24)^(277/500)*x(41)^(223/500))/(100000*x(3)^(511/1000)*x(47)^(103/5000)) + (6561*x(5)^(39/250)*x(21)^(427/1000)*x(35)^(573/1000)*x(46)^(211/500)*x(47)^(81/200))/(50000*x(3)^(281/200)*x(48)^(209/500)));
	x(25)*x(57) - (19*x(4)^(479/500)*x(46)^(87/2500))/(125*x(48)^(431/500)) - (9101*x(26)*x(46)^(87/2500)*x(52))/(62500*x(4)^(21/500)*x(48)^(431/500));
	x(56)*((17391*x(7)^(137/5000)*x(13)^(42/125)*x(19)^(107/200)*x(20)^(93/200))/(20000*x(8)^(107/200)) + (87*x(5)^(413/1000)*x(6)^(153/500)*x(21)^(189/250)*x(29)^(61/250)*x(46)^(373/500)*x(47)^(359/500))/(15625*x(3)^(717/1000)*x(8)^(129/100)*x(10)^(883/10000)*x(48)^(741/1000))) + (3927*x(7)^(137/5000)*x(8)^(93/200)*x(19)^(107/200)*x(20)^(93/200)*x(61))/(6250*x(13)^(83/125)) + (25619*x(8)^(93/200)*x(13)^(42/125)*x(19)^(107/200)*x(20)^(93/200)*x(55))/(500000*x(7)^(4863/5000)) - (1239*x(6)^(153/500)*x(21)^(189/250)*x(29)^(61/250)*x(46)^(373/500)*x(47)^(359/500)*x(53))/(156250*x(3)^(717/1000)*x(5)^(587/1000)*x(8)^(29/100)*x(10)^(883/10000)*x(48)^(741/1000)) - (459*x(5)^(413/1000)*x(21)^(189/250)*x(29)^(61/250)*x(46)^(373/500)*x(47)^(359/500)*x(54))/(78125*x(3)^(717/1000)*x(6)^(347/500)*x(8)^(29/100)*x(10)^(883/10000)*x(48)^(741/1000)) + (2151*x(5)^(413/1000)*x(6)^(153/500)*x(21)^(189/250)*x(29)^(61/250)*x(46)^(373/500)*x(47)^(359/500)*x(51))/(156250*x(3)^(1717/1000)*x(8)^(29/100)*x(10)^(883/10000)*x(48)^(741/1000)) + (2649*x(5)^(413/1000)*x(6)^(153/500)*x(21)^(189/250)*x(29)^(61/250)*x(46)^(373/500)*x(47)^(359/500)*x(58))/(1562500*x(3)^(717/1000)*x(8)^(29/100)*x(10)^(10883/10000)*x(48)^(741/1000));
	x(58)*((2107*x(7)^(81/5000)*x(11)^(69/250)*x(28)^(813/10000)*x(32)^(69/250)*x(39)^(643/1000))/(10000*x(1)^(921/100000)*x(6)^(77/5000)*x(10)^(457/500)) + (1767*x(5)^(963/10000)*x(6)^(101/100)*x(14)^(259/5000)*x(27)^(277/1000)*x(29)^(171/1000)*x(45)^(1/2)*x(46)^(111/5000))/(25000*x(8)^(51/250)*x(10)^(531/500)*x(48)^(191/10000))) - x(54)*((3773*x(7)^(81/5000)*x(10)^(43/500)*x(11)^(69/250)*x(28)^(813/10000)*x(32)^(69/250)*x(39)^(643/1000))/(100000*x(1)^(921/100000)*x(6)^(5077/5000)) + (5757*x(5)^(963/10000)*x(6)^(1/100)*x(14)^(259/5000)*x(27)^(277/1000)*x(29)^(171/1000)*x(45)^(1/2)*x(46)^(111/5000))/(5000*x(8)^(51/250)*x(10)^(31/500)*x(48)^(191/10000))) + (3381*x(7)^(81/5000)*x(10)^(43/500)*x(28)^(813/10000)*x(32)^(69/250)*x(39)^(643/1000)*x(59))/(5000*x(1)^(921/100000)*x(6)^(77/5000)*x(11)^(181/250)) + (3969*x(10)^(43/500)*x(11)^(69/250)*x(28)^(813/10000)*x(32)^(69/250)*x(39)^(643/1000)*x(55))/(100000*x(1)^(921/100000)*x(6)^(77/5000)*x(7)^(4919/5000)) - (45129*x(7)^(81/5000)*x(10)^(43/500)*x(11)^(69/250)*x(28)^(813/10000)*x(32)^(69/250)*x(39)^(643/1000)*x(49))/(2000000*x(1)^(100921/100000)*x(6)^(77/5000)) + (2907*x(5)^(963/10000)*x(6)^(101/100)*x(14)^(259/5000)*x(27)^(277/1000)*x(29)^(171/1000)*x(45)^(1/2)*x(46)^(111/5000)*x(56))/(12500*x(8)^(301/250)*x(10)^(31/500)*x(48)^(191/10000)) - (54891*x(6)^(101/100)*x(14)^(259/5000)*x(27)^(277/1000)*x(29)^(171/1000)*x(45)^(1/2)*x(46)^(111/5000)*x(53))/(500000*x(5)^(9037/10000)*x(8)^(51/250)*x(10)^(31/500)*x(48)^(191/10000));
